D0	D1				D2				D3			D31			D4			D41			D5	D6
1	2/1/1991		2/6/1991		15.00		0.04170		18.00		0.05000		6	2
2	2/7/1991		2/28/1991		45.00		0.12500		48.00		0.15280		24	2
3	3/1/1991		3/31/1991		45.00		0.12500		48.00		0.13330		30	3
4	4/1/1991		4/30/1991		45.00		0.12500		48.00		0.13330		30	4
5	5/1/1991		5/31/1991		45.00		0.12500		48.00		0.13330		30	5
6	6/1/1991		6/9/1991		45.00		0.12500		48.00		0.13330		9	6
7	6/10/1991		6/30/1991		52.00		0.14440		55.00		0.15280		21	6
8	7/1/1991	7/9/1991	52.00	0.14440	55.00	0.15280	9	7
9	7/10/1991	7/31/1991	47.00	0.13060	50.00	0.13890	21	7
10	8/1/1991	8/20/1991	47.00	0.13060	50.00	0.13890	20	8
11	8/21/1991	8/31/1991	54.00	0.15000	57.00	0.15830	10	8
12	9/1/1991	9/30/1991	54.00	0.15000	57.00	0.15830	30	9
13	10/1/1991	10/31/1991	54.00	0.15000	57.00	0.15830	30	10
14	11/1/1991	11/30/1991	54.00	0.15000	57.00	0.15830	30	11
15	12/1/1991	12/31/1991	54.00	0.15000	57.00	0.15830	30	12
16	1/1/1992	1/31/1992	54.00	0.15000	57.00	0.15830	30	1
17	2/1/1992	2/29/1992	54.00	0.15000	57.00	0.15830	30	2
18	3/1/1992	3/31/1992	54.00	0.15000	57.00	0.15830	30	3
19	4/1/1992	4/30/1992	54.00	0.15000	57.00	0.15830	30	4
20	5/1/1992	5/31/1992	54.00	0.15000	57.00	0.15830	30	5
21	6/1/1992	6/30/1992	54.00	0.15000	57.00	0.15830	30	6
22	7/1/1992	7/5/1992	54.00	0.15000	57.00	0.15830	5	7
23	7/6/1992	7/31/1992	49.00	0.13610	52.00	0.14440	25	7
24	8/1/1992	8/2/1992	49.00	0.13610	52.00	0.14440	2	8
25	8/3/1992	8/31/1992	45.00	0.12500	48.00	0.13330	28	8
26	9/1/1992	9/14/1992	45.00	0.12500	48.00	0.13330	14	9
27	9/15/1992	9/30/1992	41.00	0.11390	44.00	0.12220	16	9
28	10/1/1992	10/31/1992	41.00	0.11390	44.00	0.12220	30	10
29	11/1/1992	11/30/1992	41.00	0.11390	44.00	0.12220	30	11
30	12/1/1992	12/31/1992	41.00	0.11390	44.00	0.12220	30	12
31	1/1/1993	1/31/1993	47.00	0.13060	50.00	0.13890	30	1
32	2/1/1993	2/21/1993	47.00	0.13060	50.00	0.13890	21	2
33	2/22/1993	2/28/1993	51.00	0.14170	54.00	0.15000	9	2
34	3/1/1993	3/31/1993	51.00	0.14170	54.00	0.15000	30	3
35	4/1/1993	4/30/1993	51.00	0.14170	54.00	0.15000	30	4
36	5/1/1993	5/31/1993	51.00	0.14170	54.00	0.15000	30	5
37	6/1/1993	6/3/1993	51.00	0.14170	54.00	0.15000	3	6
38	6/4/1993	6/30/1993	48.00	0.13330	51.00	0.14170	27	6
39	7/1/1993	7/31/1993	48.00	0.13330	51.00	0.14170	30	7
40	8/1/1993	8/22/1993	48.00	0.13330	51.00	0.14170	22	8
41	8/23/1993	8/31/1993	44.00	0.12220	47.00	0.13060	8	8
42	9/1/1993	9/30/1993	44.00	0.12220	47.00	0.13060	30	9
43	10/1/1993	10/30/1993	44.00	0.12220	47.00	0.13060	30	10
44	10/31/1993	10/31/1993	47.00	0.13060	50.00	0.13890	0	10
45	11/1/1993	11/9/1993	47.00	0.13060	50.00	0.13890	9	11
46	11/10/1993	11/30/1993	52.00	0.14440	55.00	0.15280	21	11
47	12/1/1993	12/31/1993	52.00	0.14440	55.00	0.15280	30	12
48	1/1/1994	1/9/1994	52.00	0.14440	55.00	0.15278	9	1
49	1/10/1994	1/31/1994	56.00	0.15560	59.00	0.16389	21	10
50	2/1/1994	2/28/1994	56.00	0.15560	59.00	0.16389	30	2
51	3/1/1994	3/13/1994	56.00	0.15560	59.00	0.16389	13	3
52	3/14/1994	3/31/1994	62.00	0.17220	65.00	0.18056 17	30 
53	4/1/1994	4/30/1994	62.00	0.17220	65.00	0.18056 30	4
54	5/1/1994	5/31/1994	62.00	0.17220	65.00	0.18056 30	5
55	6/1/1994	6/30/1994	62.00	0.17220	65.00	0.18056 30	6
56	7/1/1994	7/31/1994	62.00	0.17220	65.00	0.18056 30	7
57	8/1/1994	8/31/1994	62.00	0.17220	65.00	0.18056 30	8
58	9/1/1994	9/6/1994	62.00	0.17220	72.00	0.20000	6	9
59	9/7/1994	9/30/1994	72.00	0.20000	82.00	0.22778	24	9 
60	10/1/1994	10/31/1994	72.00	0.20000	82.00	0.22778	30	10
61	11/1/1994	11/30/1994	72.00	0.20000	82.00	0.22778	30	11
62	12/1/1994	12/31/1994	72.00	0.20000	82.00	0.22778	30	12
63	1/1/1995	1/31/1995	72.00	0.20000	82.00	0.22778	30	1
64	2/1/1995	2/28/1995	72.00	0.20000	82.00	0.22778	30	2
65	3/1/1995	3/31/1995	72.00	0.20000	82.00	0.22778	30	3
66	4/1/1995	4/9/1995	72.00	0.20000	82.00	0.22778	9	4
67	4/10/1995	4/24/1995	65.00	0.18060	75.00	0.20833	15	4
68	4/25/1995	4/30/1995	60.00	0.16670	70.00	0.19444	6	4
69	5/1/1995	5/7/1995	60.00	0.16670	70.00	0.19444	7	5
70	5/8/1995	5/31/1995	54.00	0.15000	64.00	0.17778	23	5
71	6/1/1995	6/20/1995	54.00	0.15000	64.00	0.17778	20	6
72	6/21/1995	6/30/1995	48.00	0.13330	58.00	0.16110	10	6
73	7/1/1995	7/2/1995	48.00	0.13330	58.00	0.16110	2	7
74	7/3/1995	7/16/1995	44.00	0.12220	54.00	0.15000	14	7
75	7/17/1995	7/31/1995	39.00	0.10830	49.00	0.13610	14	7
76	8/1/1995	8/31/1995	34.00	0.09440	44.00	0.12220	30	8
77	9/1/1995	9/30/1995	34.00	0.09440	44.00	0.12220	30	9
78	10/1/1995	10/31/1995	34.00	0.09440	44.00	0.12220	30	10
79	11/1/1995	11/30/1995	34.00	0.09440	44.00	0.12220	30	11
80	12/1/1995	12/31/1995	34.00	0.09440	44.00	0.12220	30	12
81	1/1/1996	1/31/1996	34.00	0.09440	44.00	0.12220	30	1
82	2/1/1996	2/4/1996	34.00	0.09440	44.00	0.12220	4	2
83	2/5/1996	2/29/1996	42.00	0.11670	52.00	0.14440	25	2
84	3/1/1996	3/5/1996	42.00	0.11670	52.00	0.14440	5	3
85	3/6/1996	3/31/1996	49.00	0.13610	59.00	0.16389 25	3
86	4/1/1996	4/25/1996	49.00	0.13610	59.00	0.16389 25	4
87	4/26/1996	4/30/1996	67.00	0.18610	77.00	0.21390	5	4
88	5/1/1996	5/9/1996	67.00	0.18610	77.00	0.21390	9	5
89	5/10/1996	5/31/1996	108.00	0.30000	118.00	0.32778 21	5
90	6/1/1996	6/30/1996	108.00	0.30000	118.00	0.32778 30	6
91	7/1/1996	7/31/1996	108.00	0.30000	118.00	0.32778 30	7
92	8/1/1996	8/31/1996	108.00	0.30000	118.00	0.32778 30	8
93	9/1/1996	9/23/1996	108.00	0.30000	118.00	0.32778 23	9
94	9/24/1996	9/30/1996	300.00	0.83330	310.00	0.86111	7	9
95	10/1/1996	10/17/1996	300.00	0.83330	310.00	0.86111	17	10
96	10/18/1996	10/31/1996	240.00	0.66670	250.00	0.69444	13	10
97	11/1/1996	11/3/1996	240.00	0.66670	250.00	0.69444	3	11
98	11/4/1996	11/30/1996	180.00	0.50000	190.00	0.52778	27	11
99	12/1/1996	12/31/1996	180.00	0.50000	190.00	0.52778	30	12
100	1/1/1997	1/27/1997	180.00	0.50000	190.00	0.52778	27	1
101	1/28/1997	1/31/1997	198.00	0.55000	208.00	0.57778	3	1
102	2/1/1997	2/28/1997	198.00	0.55000	208.00	0.57778	30	2
103	3/1/1997	3/31/1997	216.00	0.60000	226.00	0.62778	30	3
104	4/1/1997	4/6/1997	216.00	0.60000	226.00	0.62778	6	4
105	4/7/1997	4/13/1997	208.80	0.58000	218.80	0.62778	7	4
106	4/14/1997	4/20/1997	169.80	0.47170	179.80	0.49940	7	4
107	4/21/1997	4/27/1997	96.36	0.26770	106.36	0.29540	7	4
108	4/28/1997	4/30/1997	74.40	0.20670	84.40	0.23440	3	4
109	5/1/1997	5/11/1997	74.40	0.20670	84.40	0.23440	11	5
110	5/12/1997	5/18/1997	62.40	0.17330	72.40	0.20110	7	5
111	5/19/1997	5/25/1997	65.54	0.18210	75.54	0.20980	7	5
112	5/26/1997	5/31/1997	43.08	0.11970	53.08	0.14740	6	5
113	6/1/1997	6/1/1997	43.08	0.11970	53.08	0.14740	1	6
114	6/2/1997	6/8/1997	48.72	0.13530	58.72	0.16310	7	6
115	6/9/1997	6/15/1997	47.28	0.13130	57.28	0.15910	7	6
116	6/16/1997	6/22/1997	35.76	0.09930	45.76	0.12710	7	6
117	6/23/1997	6/29/1997	15.20	0.04220	25.20	0.07000	7	6
118	6/30/1997	6/30/1997	10.12	0.02810	20.12	0.05590	1	6
119	7/1/1997	7/6/1997	10.12	0.02810	20.12	0.05590	6	7
120	7/7/1997	7/13/1997	9.76	0.02710	19.76	0.05490	7	7
121	7/14/1997	7/20/1997	6.96	0.01930	16.96	0.04710	7	7
122	7/21/1997	7/27/1997	6.12	0.01700	16.12	0.04480	7	7
123	7/28/1997	7/31/1997	5.42	0.01510	15.42	0.04280	3	7
124	8/1/1997	8/3/1997	5.42	0.01510	15.42	0.04280	3	8
125	8/4/1997	8/10/1997	5.50	0.01530	15.50	0.04310	7	8
126	8/11/1997	8/17/1997	5.59	0.01550	15.59	0.04330	7	8
127	8/18/1997	8/24/1997	5.70	0.01580	15.70	0.04360	7	8
128	8/25/1997	8/31/1997	5.86	0.01630	15.86	0.04410	6	8
129	9/1/1997	9/7/1997	5.98	0.01660	15.98	0.04440	7	9
130	9/8/1997	9/14/1997	6.11	0.01700	16.11	0.04480	7	9
131	9/15/1997	9/21/1997	6.23	0.01730	16.23	0.04510	7	9
132	9/22/1997	9/28/1997	6.27	0.01740	16.27	0.04520	7	9
133	9/29/1997	9/30/1997	6.03	0.01680	16.03	0.04450	2	9
134	10/1/1997	10/5/1997	6.03	0.01680	16.03	0.04450	5	10
135	10/6/1997	10/12/1997	5.78	0.01610	15.78	0.04380	7	10
136	10/13/1997	10/19/1997	5.53	0.01540	15.53	0.04310	7	10
137	10/20/1997	10/26/1997	5.12	0.01420	15.12	0.04200	7	10
138	10/27/1997	10/31/1997	4.87	0.01350	14.87	0.04130	4	10
139	11/1/1997	11/2/1997	4.87	0.01350	14.87	0.04130	2	11
140	11/3/1997	11/9/1997	4.95	0.01380	14.95	0.04150	7	11
141	11/10/1997	11/16/1997	5.45	0.01510	15.45	0.04290	7	11
142	11/17/1997	11/23/1997	5.41	0.01500	15.41	0.04280	7	11
143	11/24/1997	11/30/1997	5.90	0.01640	15.90	0.04420	7	11
144	12/1/1997	12/2/1997	5.90	0.01640	15.90	0.04420	2	12
145	12/3/1997	12/9/1997	6.94	0.01930	16.94	0.04710	7	12
146	12/10/1997	12/16/1997	6.85	0.01900	16.85	0.04680	7	12
147	12/17/1997	12/28/1997	6.77	0.01880	16.77	0.04660	12	12
148	12/29/1997	12/31/1997	6.65	0.01850	16.65	0.04630	2	12
149	1/1/1998	1/4/1998	6.65	0.01850	16.65	0.04630	4	1
150	1/5/1998	1/6/1998	6.56	0.01820	16.56	0.04600	2	1
151	1/7/1998	1/13/1998	6.52	0.01810	16.52	0.04590	7	1
152	1/14/1998	1/20/1998	6.40	0.01780	16.40	0.04560	7	1
153	1/21/1998	1/27/1998	6.27	0.01740	16.27	0.04520	7	1
154	1/28/1998	1/31/1998	6.07	0.01690	16.07	0.04460	3	1
155	2/1/1998	2/3/1998	6.07	0.01690	16.07	0.04460	3	2
156	2/4/1998	2/10/1998	5.90	0.01640	15.90	0.04420	7	2
157	2/11/1998	2/17/1998	5.78	0.01610	15.78	0.04380	7	2
158	2/18/1998	2/24/1998	5.61	0.01560	15.61	0.04340	7	2
159	2/25/1998	2/28/1998	5.53	0.01540	15.53	0.04310	4	2
160	3/1/1998	3/3/1998	5.53	0.01540	15.53	0.04310	3	3
161	3/4/1998	3/10/1998	5.49	0.01530	15.49	0.04300	7	3
162	3/11/1998	3/17/1998	5.32	0.01480	15.32	0.04260	7	3
163	3/18/1998	3/24/1998	5.28	0.01470	15.28	0.04240	7	3
164	3/25/1998	3/31/1998	5.32	0.01480	15.32	0.04260	6	3
165	4/1/1998	4/28/1998	5.41	0.01500	15.41	0.04280	28	4
166	4/29/1998	4/30/1998	5.37	0.01490	15.37	0.04270	2	4
167	5/1/1998	5/5/1998	5.37	0.01490	15.37	0.04270	5	5
168	5/6/1998	5/12/1998	5.32	0.01480	15.32	0.04260	7	5
169	5/13/1998	5/19/1998	5.24	0.01460	15.24	0.04230	7	5
170	5/20/1998	5/26/1998	5.16	0.01430	15.16	0.04210	7	5
171	5/27/1998	5/31/1998	5.12	0.01420	15.12	0.04200	4	5
172	6/1/1998	6/9/1998	5.12	0.01420	15.12	0.04200	9	6
173	6/10/1998	6/23/1998	5.16	0.01430	15.16	0.04210	14	6
174	6/24/1998	6/30/1998	5.20	0.01440	15.20	0.04220	7	6
175	7/1/1998	7/14/1998	5.20	0.01440	15.20	0.04220	14	7
176	7/15/1998	7/31/1998	5.20	0.01440	15.20	0.04220	16	7
177	8/1/1998	8/4/1998	5.16	0.01430	15.16	0.04210	4	8
178	8/5/1998	8/18/1998	5.16	0.01430	15.16	0.04210	14	8
179	8/19/1998	8/31/1998	5.12	0.01420	15.12	0.04200	12	8
180	9/1/1998	9/8/1998	5.12	0.01420	15.12	0.04200	8	9
181	9/9/1998	9/30/1998	5.08	0.01410	15.08	0.04190	22	9
182	10/1/1998	10/15/1998	5.08	0.01410	15.08	0.04190	15	10
183	10/16/1998	10/27/1998	5.12	0.01420	15.12	0.04200	12	10
184	10/28/1998	10/31/1998	5.28	0.01470	15.28	0.04240	3	10
185	11/1/1998	11/10/1998	5.28	0.01470	15.28	0.04240	10	11
186	11/11/1998	11/17/1998	5.24	0.01460	15.24	0.04230	7	11
187	11/18/1998	11/30/1998	5.16	0.01430	15.16	0.04210	13	11
188	12/1/1998	12/1/1998	5.16	0.01430	15.16	0.04210	1	12
189	12/2/1998	12/8/1998	5.08	0.01410	15.08	0.04190	7	12
190	12/9/1998	12/15/1998	5.04	0.01400	15.04	0.04180	7	12
191	12/16/1998	12/29/1998	4.99	0.01390	14.99	0.04160	14	12
192	12/30/1998	12/31/1998	5.08	0.01410	15.08	0.04190	1	12
193	1/1/1999	1/5/1999	5.08	0.01410	15.08	0.04190	5	1
194	1/6/1999	1/12/1999	5.12	0.01420	15.12	0.04200	7	1
195	1/13/1999	1/26/1999	5.08	0.01410	15.08	0.04190	14	1
196	1/27/1999	1/31/1999	5.04	0.01400	15.04	0.04180	4	1
197	2/1/1999	2/9/1999	5.04	0.01400	15.04	0.04180	9	2
198	2/10/1999	2/16/1999	4.99	0.01390	14.99	0.04160	7	2
199	2/17/1999	2/23/1999	4.91	0.01360	14.91	0.04140	7	2
200	2/24/1999	2/28/1999	4.91	0.01360	14.91	0.04140	5	2
201	3/1/1999	3/2/1999	4.91	0.01360	14.91	0.04140	2	3
202	3/3/1999	3/9/1999	4.91	0.01360	14.91	0.04140	7	3
203	3/10/1999	3/16/1999	4.83	0.01340	14.83	0.04120	7	3
204	3/17/1999	3/23/1999	4.87	0.01350	14.87	0.04130	7	3
205	3/24/1999	3/30/1999	4.83	0.01340	14.83	0.04120	7	3
206	3/31/1999	3/31/1999	4.79	0.01330	14.79	0.04110	0	3
207	4/1/1999	4/6/1999	4.79	0.01330	14.79	0.04110	6	4
208	4/7/1999	4/13/1999	4.75	0.01320	14.75	0.04100	7	4
209	4/14/1999	4/20/1999	4.71	0.01310	14.71	0.04090	7	4
210	4/21/1999	4/27/1999	4.67	0.01300	14.67	0.04080	7	4
211	4/28/1999	4/30/1999	4.63	0.01290	14.63	0.04060	3	4
212	5/1/1999	5/4/1999	4.63	0.01290	14.63	0.04060	4	5
213	5/5/1999	5/11/1999	4.54	0.01260	14.54	0.04040	7	5
214	5/12/1999	5/18/1999	4.50	0.01250	14.50	0.04030	7	5
215	5/19/1999	5/25/1999	4.46	0.01240	14.46	0.04020	7	5
216	5/26/1999	5/31/1999	4.42	0.01230	14.42	0.04010	5	5
217	6/1/1999	6/1/1999	4.42	0.01230	14.42	0.04010	1	6
218	6/2/1999	6/15/1999	4.42	0.01230	14.42	0.04010	14	6
219	6/16/1999	6/22/1999	4.42	0.01230	14.42	0.04010	7	6
220	6/23/1999	6/29/1999	4.50	0.01250	14.50	0.04030	7	6
221	6/30/1999	6/30/1999	4.75	0.01320	14.75	0.04100	1	6
222	7/1/1999	7/6/1999	4.75	0.01320	14.75	0.04100	6	7
223	7/7/1999	7/31/1999	4.79	0.01330	14.79	0.04110	24	7
224	8/1/1999	8/10/1999	4.79	0.01330	14.79	0.04110	10	8
225	8/11/1999	8/31/1999	4.75	0.01320	14.75	0.04100	20	8
226	9/1/1999	9/7/1999	4.75	0.01320	14.75	0.04100	7	9
227	9/8/1999	9/14/1999	4.75	0.01320	14.75	0.04100	7	9
228	9/15/1999	9/28/1999	4.71	0.01310	14.71	0.04090	14	9
229	9/29/1999	9/30/1999	4.50	0.01250	14.50	0.04030	2	9
230	10/1/1999	10/5/1999	4.50	0.01250	14.50	0.04030	5	10
231	10/6/1999	10/12/1999	4.46	0.01240	14.46	0.04020	7	10
232	10/13/1999	10/31/1999	4.42	0.01230	14.42	0.04010	18	10
233	11/1/1999	11/2/1999	4.42	0.01230	14.42	0.04010	2	11
234	11/3/1999	11/30/1999	4.46	0.01240	14.46	0.04017	28	11
235	12/1/1999	12/31/1999	4.46	0.01240	14.46	0.04017	30	12
236	1/1/2000	1/4/2000	4.46	0.01240	14.46	0.04017	4	1
237	1/5/2000	1/11/2000	4.42	0.01230	14.42	0.04010	7	1
238	1/12/2000	1/18/2000	4.26	0.01180	14.26	0.03960	7	1
239	1/19/2000	1/25/2000	4.13	0.01150	14.13	0.03930	7	1
240	1/26/2000	1/31/2000	3.93	0.01090	13.93	0.03870	5	1
241	2/1/2000	2/1/2000	3.93	0.01090	13.93	0.03870	1	2
242	2/2/2000	2/15/2000	3.68	0.01020	13.68	0.03800	14	2
243	2/16/2000	2/22/2000	3.23	0.00900	13.23	0.03680	7	2
244	2/23/2000	2/29/2000	3.11	0.00860	13.11	0.03640	7	2
245	3/1/2000	3/14/2000	3.03	0.00840	13.03	0.03620	14	3
246	3/15/2000	3/21/2000	3.48	0.00970	13.48	0.03740	7	3
247	3/22/2000	3/31/2000	3.56	0.00990	13.56	0.03770	9	3
248	4/1/2000	4/4/2000	3.56	0.00990	13.56	0.03770	4	4
249	4/5/2000	4/11/2000	3.64	0.01010	13.64	0.03790	7	4
250	4/12/2000	4/25/2000	3.60	0.01000	13.60	0.03780	14	4
251	4/26/2000	4/30/2000	3.64	0.01010	13.64	0.03790	5	4
252	5/1/2000	5/9/2000	3.64	0.01010	13.64	0.03790	9	5
253	5/10/2000	5/16/2000	3.56	0.00990	13.56	0.03770	7	5
254	5/17/2000	5/24/2000	3.48	0.00970	13.48	0.03740	8	5
255	5/25/2000	5/31/2000	3.44	0.00960	13.44	0.03730	6	5
256	6/1/2000	6/13/2000	3.44	0.00960	13.44	0.03730	13	6
257	6/14/2000	6/20/2000	3.60	0.01000	13.60	0.03780	7	6
258	6/21/2000	6/27/2000	4.17	0.01160	14.17	0.03940	7	6
259	6/28/2000	6/30/2000	4.05	0.01130	14.05	0.03900	3	6
260	7/1/2000	7/4/2000	3.93	0.01090	13.93	0.03870	4	7
261	7/5/2000	7/31/2000	3.93	0.01090	13.93	0.03870	26	7
262	8/1/2000	8/1/2000	3.93	0.01090	13.93	0.03870	1	8
263	8/2/2000	8/15/2000	3.48	0.00970	13.48	0.03740	14	8
264	8/16/2000	8/22/2000	3.44	0.00960	13.44	0.03730	7	8
265	8/23/2000	8/29/2000	3.72	0.01030	13.72	0.03810	7	8
266	8/30/2000	8/31/2000	4.01	0.01110	14.01	0.03890	1	8
267	9/1/2000	9/6/2000	4.01	0.01110	14.01	0.03890	6	9
268	9/7/2000	9/12/2000	3.85	0.01070	13.85	0.03850	6	9
269	9/13/2000	9/30/2000	3.81	0.01060	13.81	0.03840	18	9
270	10/1/2000	10/3/2000	3.81	0.01060	13.81	0.03840	3	10
271	10/4/2000	10/17/2000	3.97	0.01100	13.97	0.03880	14	10
272	10/18/2000	10/24/2000	4.13	0.01150	14.13	0.03930	7	10
273	10/25/2000	10/31/2000	4.42	0.01230	14.42	0.04010	6	10
274	11/1/2000	11/14/2000	4.46	0.01240	14.46	0.04020	14	11
275	11/15/2000	11/21/2000	4.50	0.01250	14.50	0.04030	7	11
276	11/22/2000	11/30/2000	4.71	0.01310	14.71	0.04090	9	11
277	12/1/2000	12/5/2000	4.71	0.01310	14.71	0.04090	5	12
278	12/6/2000	12/12/2000	4.67	0.01300	14.67	0.04080	7	12
279	12/13/2000	12/28/2000	4.50	0.01250	14.50	0.04030	16	12
280	12/29/2000	12/31/2000	4.63	0.01290	14.63	0.04060	2	12
281	1/1/2001	1/2/2001	4.63	0.01290	14.63	0.04060	2	1
282	1/3/2001	1/16/2001	4.53	0.01260	14.53	0.04040	14	1
283	1/17/2001	1/31/2001	4.29	0.01190	14.29	0.03970	14	1
284	2/1/2001	2/6/2001	4.29	0.01190	14.29	0.03970	6	2
285	2/7/2001	2/20/2001	3.96	0.01100	13.96	0.03880	14	2
286	2/21/2001	2/28/2001	4.21	0.01170	14.21	0.03950	10	2
287	3/1/2001	3/13/2001	4.21	0.01170	14.21	0.03950	13	3
288	3/14/2001	3/31/2001	4.15	0.01150	14.15	0.03930	17	3
289	4/1/2001	4/3/2001	4.15	0.01150	14.15	0.03930	3	4
290	4/4/2001	4/17/2001	4.24	0.01180	14.24	0.03960	14	4
291	4/18/2001	4/30/2001	4.36	0.01210	14.36	0.03990	13	4
292	5/1/2001	5/1/2001	4.36	0.01210	14.36	0.03990	1	5
293	5/2/2001	5/15/2001	4.39	0.01220	14.39	0.04000	14	5
294	5/16/2001	5/31/2001	4.47	0.01240	14.47	0.04020	15	5
295	6/1/2001	6/30/2001	4.47	0.01240	14.47	0.04020	30	6
296	7/1/2001	7/17/2001	4.47	0.01240	14.47	0.04020	17	7
297	7/18/2001	7/31/2001	4.55	0.01260	14.55	0.04040	13	7
298	8/1/2001	8/14/2001	4.59	0.01280	14.59	0.04050	14	8
299	8/15/2001	8/31/2001	4.75	0.01320	14.75	0.04100	16	8
300	9/1/2001	9/4/2001	4.75	0.01320	14.75	0.04100	4	9
301	9/5/2001	9/18/2001	4.68	0.01300	14.68	0.04080	14	9
302	9/19/2001	9/30/2001	4.76	0.01320	14.76	0.04100	12	9
303	10/1/2001	10/2/2001	4.76	0.01320	14.76	0.04100	2	10
304	10/3/2001	10/30/2001	4.63	0.01290	14.63	0.04060	28	10
305	11/1/2001	11/20/2001	4.63	0.01290	14.63	0.04060	20	11
306	11/21/2001	11/30/2001	4.79	0.01330	14.79	0.04110	10	11
307	12/1/2001	12/4/2001	4.79	0.01330	14.79	0.04110	4	12
308	12/5/2001	12/31/2001	4.65	0.01290	14.65	0.04070	26	12
309	1/1/2002	1/1/2002	4.65	0.01290	14.65	0.04070	1	1
310	1/2/2002	1/5/2002	4.78	0.01330	14.78	0.04110	4	1
311	1/6/2002	1/31/2002	4.54	0.01260	14.54	0.04040	25	1
312	2/1/2002	2/28/2002	4.54	0.01260	14.54	0.04040	30	2
313	3/1/2002	3/5/2002	4.54	0.01260	14.54	0.04040	5	3
314	3/6/2002	3/31/2002	4.43	0.01230	14.43	0.04010	25	3
315	4/1/2002	4/1/2002	4.43	0.01230	14.43	0.04010	1	4
316	4/3/2002	4/29/2002	4.08	0.01130	14.08	0.03910	27	2
317	4/30/2002	4/30/2002	3.92	0.01090	13.92	0.03870	1	4
318	5/1/2002	5/31/2002	3.92	0.01090	13.92	0.03870	30	5
319	6/1/2002	6/4/2002	3.92	0.01090	13.92	0.03870	4	6
320	6/5/2002	6/30/2002	3.71	0.01030	13.71	0.03810	26	6
321	7/1/2002	7/2/2002	3.71	0.01030	13.71	0.03810	2	7
322	7/3/2002	7/31/2002	3.61	0.01000	13.61	0.03780	28	7
323	8/1/2002	8/6/2002	3.61	0.01000	13.61	0.03780	6	8
324	8/7/2002	8/31/2002	3.79	0.01050	13.79	0.03830	24	8
325	9/1/2002	9/3/2002	3.79	0.01050	13.79	0.03830	3	9
326	9/4/2002	9/30/2002	3.75	0.01040	13.75	0.03820	27	9
327	10/1/2002	10/1/2002	3.75	0.01040	13.75	0.03820	1	10
328	10/2/2002	10/31/2002	3.71	0.01030	13.71	0.03810	29	10
329	11/1/2002	11/30/2002	3.71	0.01030	13.71	0.03810	30	11
330	12/1/2002	12/3/2002	3.71	0.01030	13.71	0.03810	3	12
331	12/4/2002	12/31/2002	3.31	0.00920	13.31	0.03700	27	12
332	1/1/2003	1/28/2003	3.31	0.00920	13.31	0.03700	28	1
333	1/29/2003	1/31/2003	2.50	0.00690	12.50	0.03470	2	1
334	2/1/2003	2/25/2003	2.50	0.00690	12.50	0.03470	25	2
335	2/26/2003	2/28/2003	2.52	0.00700	12.52	0.03478	5	2
336	3/1/2003	3/25/2003	2.52	0.00700	12.52	0.03478	25	3
337	3/26/2003	3/31/2003	2.56	0.00711	12.56	0.03489	5	3
338	4/1/2003	4/29/2003	2.56	0.00711	12.56	0.03489	29	4
339	4/30/2003	4/30/2003	2.95	0.00819	12.95	0.03597	1	4
340	5/1/2003	5/27/2003	2.95	0.00819	12.95	0.03597	27	5
341	5/28/2003	5/31/2003	2.96	0.00822	12.96	0.03600	3	5
342	6/1/2003	6/24/2003	2.96	0.00822	12.96	0.03600	24	6
343	6/25/2003	6/30/2003	2.52	0.00700	12.52	0.03478	6	6
344	7/1/2003	7/31/2003	2.52	0.00700	12.52	0.03478	30	7
345	8/1/2003	8/26/2003	2.52	0.00700	12.52	0.03478	26	8
346	8/27/2003	8/31/2003	2.56	0.00711	12.56	0.03489	4	8
347	9/1/2003	9/23/2003	2.56	0.00711	12.56	0.03489	23	9
348	9/24/2003	9/30/2003	2.59	0.00719	12.59	0.03497	7	9
349	10/1/2003	10/28/2003	2.59	0.00719	12.59	0.03497	28	10
350	10/29/2003	10/31/2003	2.60	0.00722	12.60	0.03500	2	10
351	11/1/2003	11/25/2003	2.60	0.00722	12.60	0.03500	25	11
352	11/26/2003	11/30/2003	2.60	0.00722	12.60	0.03500	5	11
353	12/1/2003	12/22/2003	2.60	0.00722	12.60	0.03500	22	12
354	12/23/2003	12/31/2003	2.83	0.00786	12.83	0.03564	8	12
355	1/1/2004	1/27/2004	2.83	0.00786	12.83	0.03564	27	1
356	1/28/2004	1/31/2004	2.51	0.00697	12.51	0.03475	3	1
357	2/1/2004	2/24/2004	2.51	0.00697	12.51	0.03475	24	2
358	2/25/2004	2/29/2004	2.41	0.00669	12.41	0.03447	6	2
359	3/1/2004	3/30/2004	2.41	0.00669	12.41	0.03447	30	3
360	3/31/2004	3/31/2004	2.55	0.00708	12.55	0.03486	0	3
361	4/1/2004	4/27/2004	2.55	0.00708	12.55	0.03486	27	4
362	4/28/2004	4/30/2004	2.59	0.00719	12.59	0.03497	3	4
363	5/1/2004	5/25/2004	2.59	0.00719	12.59	0.03497	25	5
364	5/26/2004	5/31/2004	3.83	0.01064	13.83	0.03842	5	5
365	6/1/2004	6/29/2004	3.83	0.01064	13.83	0.03842	29	6
366	6/30/2004	6/30/2004	2.44	0.00678	12.44	0.03456	1	6
367	7/1/2004	7/31/2004	2.44	0.00678	12.44	0.03456	30	7
368	8/1/2004	8/24/2004	2.44	0.00678	12.44	0.03456	24	8
369	8/25/2004	8/31/2004	2.40	0.00667	12.40	0.03444	6	8
370	9/1/2004	9/28/2004	2.40	0.00667	12.40	0.03444	28	9
371	9/29/2004	9/30/2004	2.39	0.00664	12.39	0.03442	2	9
372	10/1/2004	10/26/2004	2.39	0.00664	12.39	0.03442	26	10
373	10/27/2004	10/31/2004	2.44	0.00678	12.44	0.03456	4	10
374	11/1/2004	11/23/2004	2.44	0.00678	12.44	0.03456	23	11
375	11/24/2004	11/30/2004	2.36	0.00656	12.36	0.03433	7	11
376	12/1/2004	12/28/2004	2.36	0.00656	12.36	0.03433	28	12
377	12/29/2004	12/31/2004	2.37	0.00658	12.37	0.03436	2	12
378	1/1/2005	1/25/2005	2.37	0.00658	12.37	0.03436	25	1
379	1/26/2005	1/31/2005	2.45	0.00681	12.45	0.03458	5	1
380	2/1/2005	2/28/2005	1.89	0.00525	11.89	0.03303	30	2
381	3/1/2005	3/31/2005	1.91	0.00531	11.91	0.03308	30	3
382	4/1/2005	4/30/2005	1.95	0.00542	11.95	0.03319	30	4
383	5/1/2005	5/31/2005	2.03	0.00564	12.03	0.03342	30	5
384	6/1/2005	6/30/2005	2.06	0.00572	12.06	0.03350	30	6
385	7/1/2005	7/31/2005	2.04	0.00567	12.04	0.03344	30	7
386	8/1/2005	8/31/2005	2.04	0.00567	12.04	0.03344	30	8
387	9/1/2005	9/30/2005	2.04	0.00567	12.04	0.03344	30	9
388	10/1/2005	10/31/2005	2.04	0.00567	12.04	0.03344	30	10
389	11/1/2005	11/30/2005	2.04	0.00567	12.04	0.03344	30	11
390	12/1/2005	12/31/2005	2.05	0.00569	12.05	0.03347	30	12
391	1/1/2006	1/31/2006	2.21	0.00614	12.21	0.03392	30	1
392	2/1/2006	2/28/2006	2.25	0.00625	12.25	0.03403	30	2
393	3/1/2006	3/31/2006	2.28	0.00633	12.28	0.03411	30	3
394	4/1/2006	4/30/2006	2.48	0.00689	12.48	0.03467	30	4
395	5/1/2006	5/31/2006	2.57	0.00714	12.57	0.03492	30	5
396	6/1/2006	6/30/2006	2.56	0.00711	12.56	0.03489	30	6
397	7/1/2006	7/31/2006	2.69	0.00747	12.69	0.03525	30	7
398	8/1/2006	8/31/2006	2.80	0.00778	12.80	0.03556	30	8
399	9/1/2006	9/30/2006	2.94	0.00817	12.94	0.03594	30	9
400	10/1/2006	10/31/2006	2.98	0.00828	12.98	0.03606	30	10
401	11/1/2006	11/30/2006	3.19	0.00886	13.19	0.03664	30	11
402	12/1/2006	12/31/2006	3.26	0.00906	13.26	0.03683	30	12
403	1/1/2007	1/31/2007	3.43	0.00953	13.43	0.03731	30	1
404	2/1/2007	2/28/2007	3.43	0.00953	13.43	0.03731	30	2
405	3/1/2007	3/31/2007	3.52	0.00978	13.52	0.03756	30	3
406	4/1/2007	4/30/2007	3.68	0.01022	13.68	0.03800	30	4
407	5/1/2007	5/31/2007	3.81	0.01058	13.81	0.03836	30	5
408	6/1/2007	6/30/2007	3.84	0.01067	13.84	0.03844	30	6
409	7/1/2007	7/31/2007	4.01	0.01114	14.01	0.03892	30	7
410	8/1/2007	8/31/2007	4.10	0.01139	14.10	0.03917	30	8
411	9/1/2007	9/30/2007	4.09	0.01136	14.09	0.03914	30	9
412	10/1/2007	10/31/2007	4.24	0.01178	14.24	0.03956	30	10
413	11/1/2007	11/30/2007	4.26	0.01183	14.26	0.03961	30	11
414	12/1/2007	12/31/2007	4.58	0.01272	14.58	0.04050	30	12
415	1/1/2008	1/31/2008	4.68	0.01300	14.68	0.04078	30	1
416	2/1/2008	2/29/2008	4.75	0.01319	14.75	0.04097	30	2
417	3/1/2008	3/31/2008	4.83	0.01342	14.83	0.04119	30	3
418	4/1/2008	4/30/2008	4.85	0.01347	14.85	0.04125	30	4
419	5/1/2008	5/31/2008	4.92	0.01367	14.92	0.04144	30	5
420	6/1/2008	6/30/2008	4.96	0.01378	14.96	0.04156	30	6
421	7/1/2008	7/31/2008	7.06	0.01961	17.06	0.04739	30	7
422	8/1/2008	8/31/2008	5.25	0.01458	15.25	0.04236	30	8
423	9/1/2008	9/30/2008	5.23	0.01453	15.23	0.04231	30	9
424	10/1/2008	10/31/2008	5.38	0.01494	15.38	0.04272	30	10
425	11/1/2008	11/30/2008	5.72	0.01589	15.72	0.04367	30	11
426	12/1/2008	12/31/2008	5.77	0.01603	15.77	0.04381	30	12
427	1/1/2009	1/31/2009	5.17	0.01436	15.17	0.04214	30	1
428	2/1/2009	2/28/2009	3.92	0.01089	13.92	0.03867	30	2
429	3/1/2009	3/31/2009	3.49	0.00969	13.49	0.03747	30	3
430	4/1/2009	4/30/2009	3.53	0.00981	13.53	0.03758	30	4
431	5/1/2009	5/31/2009	2.27	0.00631	12.27	0.03408	30	5
432	6/1/2009	6/30/2009	2.35	0.00653	12.35	0.03431	30	6
433	7/1/2009	7/31/2009	2.24	0.00622	12.24	0.03400	30	7
434	8/1/2009	8/31/2009	1.71	0.00475	11.71	0.03253	30	8
435	9/1/2009	9/30/2009	1.57	0.00436	11.57	0.03214	30	9
436	10/1/2009	10/31/2009	1.46	0.00406	11.46	0.03183	30	10
437	11/1/2009	11/30/2009	0.61	0.00169	10.61	0.02947	30	11
438	12/1/2009	12/31/2009	0.55	0.00153	10.55	0.02931	30	12
439	1/1/2010	1/31/2010	0.39	0.00108	10.39	0.02886	30	1
440	2/1/2010	2/28/2010	0.24	0.00067	10.24	0.02844	30	2
441	3/1/2010	3/31/2010	0.18	0.00050	10.18	0.02828	30	3
442	4/1/2010	4/30/2010	0.18	0.00050	10.18	0.02828	30	4

443 05/01/2010  06/01/2011   3.0   0.00833   13.0   0.03611   391   7
444 06/02/2011  01/01/2013   0.41   0.00114   10.41   0.02892   570   07